0 0.419416 0.000000 0.000000
0s 0.419416 0.000000 0.000000
0s 0.429301 0.090033 0.000000
0s 0.438224 0.188619 0.000000
0s 0.446596 0.292094 0.000000
0s 0.454832 0.396790 0.000000
0s 0.463342 0.499042 0.000000
0s 0.472539 0.595185 0.000000
0s 0.482837 0.681552 0.000000
0s 0.494646 0.754477 0.000000
0s 0.508381 0.810295 0.000000
0s 0.524452 0.845339 0.000000
1 0.524452 0.845339 0.000000
1s 0.524452 0.845339 0.000000
1s 0.528836 0.850418 0.000000
1s 0.533440 0.854306 0.000000
1s 0.538204 0.857199 0.000000
1s 0.543070 0.859295 0.000000
1s 0.547979 0.860789 0.000000
1s 0.552874 0.861876 0.000000
1s 0.557694 0.862755 0.000000
1s 0.562382 0.863619 0.000000
1s 0.566879 0.864666 0.000000
2 0.571127 0.866091 0.000000
2s 0.571127 0.866091 0.000000
2s 0.574231 0.867355 0.000000
2s 0.577249 0.868569 0.000000
2s 0.580190 0.869734 0.000000
2s 0.583062 0.870851 0.000000
2s 0.585873 0.871924 0.000000
2s 0.588631 0.872952 0.000000
2s 0.591344 0.873938 0.000000
2s 0.594021 0.874884 0.000000
2s 0.596669 0.875791 0.000000
3 0.599297 0.876660 0.000000
3s 0.599297 0.876660 0.000000
3s 0.601500 0.877348 0.000000
3s 0.603674 0.877979 0.000000
3s 0.605820 0.878565 0.000000
3s 0.607937 0.879117 0.000000
3s 0.610027 0.879648 0.000000
3s 0.612088 0.880169 0.000000
3s 0.614122 0.880692 0.000000
3s 0.616129 0.881229 0.000000
3s 0.618108 0.881791 0.000000
4 0.620060 0.882390 0.000000
4s 0.620060 0.882390 0.000000
4s 0.621792 0.882960 0.000000
4s 0.623508 0.883552 0.000000
4s 0.625205 0.884160 0.000000
4s 0.626881 0.884777 0.000000
4s 0.628533 0.885398 0.000000
4s 0.630158 0.886018 0.000000
4s 0.631755 0.886629 0.000000
4s 0.633321 0.887228 0.000000
4s 0.634853 0.887806 0.000000
4s 0.636350 0.888360 0.000000
5 0.636350 0.888360 0.000000
5s 0.636350 0.888360 0.000000
5s 0.637558 0.888799 0.000000
5s 0.638733 0.889224 0.000000
5s 0.639881 0.889638 0.000000
5s 0.641007 0.890043 0.000000
5s 0.642115 0.890442 0.000000
5s 0.643211 0.890837 0.000000
5s 0.644299 0.891231 0.000000
5s 0.645384 0.891626 0.000000
5s 0.646471 0.892026 0.000000
6 0.647565 0.892432 0.000000
6s 0.647565 0.892432 0.000000
6s 0.648627 0.892835 0.000000
6s 0.649687 0.893249 0.000000
6s 0.650743 0.893669 0.000000
6s 0.651795 0.894092 0.000000
6s 0.652842 0.894512 0.000000
6s 0.653884 0.894925 0.000000
6s 0.654921 0.895328 0.000000
6s 0.655952 0.895716 0.000000
6s 0.656976 0.896084 0.000000
7 0.657992 0.896430 0.000000
7s 0.657992 0.896430 0.000000
7s 0.658915 0.896723 0.000000
7s 0.659832 0.896998 0.000000
7s 0.660743 0.897258 0.000000
7s 0.661649 0.897506 0.000000
7s 0.662551 0.897744 0.000000
7s 0.663448 0.897976 0.000000
7s 0.664341 0.898205 0.000000
7s 0.665231 0.898433 0.000000
7s 0.666118 0.898664 0.000000
7s 0.667003 0.898902 0.000000
8 0.667003 0.898902 0.000000
8s 0.667003 0.898902 0.000000
8s 0.667856 0.899129 0.000000
8s 0.668714 0.899347 0.000000
8s 0.669573 0.899561 0.000000
8s 0.670430 0.899773 0.000000
8s 0.671282 0.899985 0.000000
8s 0.672125 0.900201 0.000000
8s 0.672956 0.900425 0.000000
8s 0.673771 0.900658 0.000000
8s 0.674568 0.900903 0.000000
8s 0.675342 0.901165 0.000000
9 0.675342 0.901165 0.000000
9s 0.675342 0.901165 0.000000
9s 0.675981 0.901404 0.000000
9s 0.676563 0.901645 0.000000
9s 0.677107 0.901890 0.000000
9s 0.677633 0.902140 0.000000
9s 0.678161 0.902400 0.000000
9s 0.678711 0.902669 0.000000
9s 0.679303 0.902953 0.000000
9s 0.679956 0.903251 0.000000
9s 0.680690 0.903567 0.000000
10 0.681525 0.903903 0.000000
10s 0.681525 0.903903 0.000000
10s 0.684075 0.904851 0.000000
10s 0.687287 0.905977 0.000000
10s 0.691017 0.907243 0.000000
10s 0.695119 0.908610 0.000000
10s 0.699449 0.910036 0.000000
10s 0.703863 0.911483 0.000000
10s 0.708215 0.912910 0.000000
10s 0.712362 0.914278 0.000000
10s 0.716158 0.915547 0.000000
20 0.719459 0.916677 0.000000
20s 0.719459 0.916677 0.000000
20s 0.721392 0.917350 0.000000
20s 0.723232 0.917988 0.000000
20s 0.724989 0.918598 0.000000
20s 0.726674 0.919187 0.000000
20s 0.728297 0.919759 0.000000
20s 0.729869 0.920321 0.000000
20s 0.731401 0.920880 0.000000
20s 0.732903 0.921441 0.000000
20s 0.734387 0.922010 0.000000
30 0.735862 0.922593 0.000000
30s 0.735862 0.922593 0.000000
30s 0.737097 0.923092 0.000000
30s 0.738326 0.923594 0.000000
30s 0.739542 0.924098 0.000000
30s 0.740737 0.924603 0.000000
30s 0.741903 0.925106 0.000000
30s 0.743034 0.925608 0.000000
30s 0.744122 0.926106 0.000000
30s 0.745160 0.926599 0.000000
30s 0.746141 0.927086 0.000000
30s 0.747056 0.927565 0.000000
40 0.747056 0.927565 0.000000
40s 0.747056 0.927565 0.000000
40s 0.747637 0.927901 0.000000
40s 0.748168 0.928247 0.000000
40s 0.748660 0.928598 0.000000
40s 0.749125 0.928948 0.000000
40s 0.749575 0.929293 0.000000
40s 0.750022 0.929626 0.000000
40s 0.750477 0.929944 0.000000
40s 0.750953 0.930241 0.000000
40s 0.751461 0.930512 0.000000
40s 0.752014 0.930751 0.000000
50 0.752014 0.930751 0.000000
50s 0.752014 0.930751 0.000000
50s 0.752726 0.930975 0.000000
50s 0.753508 0.931139 0.000000
50s 0.754338 0.931258 0.000000
50s 0.755198 0.931347 0.000000
50s 0.756066 0.931419 0.000000
50s 0.756923 0.931489 0.000000
50s 0.757749 0.931570 0.000000
50s 0.758524 0.931678 0.000000
50s 0.759227 0.931825 0.000000
60 0.759838 0.932027 0.000000
60s 0.759838 0.932027 0.000000
60s 0.760177 0.932191 0.000000
60s 0.760476 0.932377 0.000000
60s 0.760745 0.932578 0.000000
60s 0.760992 0.932789 0.000000
60s 0.761227 0.933007 0.000000
60s 0.761457 0.933224 0.000000
60s 0.761693 0.933436 0.000000
60s 0.761942 0.933638 0.000000
60s 0.762215 0.933823 0.000000
70 0.762519 0.933988 0.000000
70s 0.762519 0.933988 0.000000
70s 0.762927 0.934160 0.000000
70s 0.763365 0.934310 0.000000
70s 0.763827 0.934441 0.000000
70s 0.764307 0.934559 0.000000
70s 0.764800 0.934666 0.000000
70s 0.765299 0.934767 0.000000
70s 0.765799 0.934866 0.000000
70s 0.766294 0.934967 0.000000
70s 0.766778 0.935074 0.000000
80 0.767247 0.935191 0.000000
80s 0.767247 0.935191 0.000000
80s 0.767704 0.935300 0.000000
80s 0.768195 0.935396 0.000000
80s 0.768704 0.935485 0.000000
80s 0.769216 0.935573 0.000000
80s 0.769715 0.935665 0.000000
80s 0.770185 0.935768 0.000000
80s 0.770612 0.935886 0.000000
80s 0.770978 0.936027 0.000000
80s 0.771269 0.936195 0.000000
80s 0.771469 0.936396 0.000000
90 0.771469 0.936396 0.000000
90s 0.771469 0.936396 0.000000
90s 0.771534 0.936547 0.000000
90s 0.771542 0.936711 0.000000
90s 0.771508 0.936886 0.000000
90s 0.771446 0.937070 0.000000
90s 0.771370 0.937262 0.000000
90s 0.771295 0.937458 0.000000
90s 0.771234 0.937659 0.000000
90s 0.771202 0.937860 0.000000
90s 0.771212 0.938062 0.000000
100 0.771280 0.938261 0.000000
100s 0.771280 0.938261 0.000000
100s 0.771717 0.938747 0.000000
100s 0.772489 0.939260 0.000000
100s 0.773512 0.939795 0.000000
100s 0.774699 0.940345 0.000000
100s 0.775965 0.940902 0.000000
100s 0.777223 0.941461 0.000000
100s 0.778388 0.942015 0.000000
100s 0.779375 0.942557 0.000000
100s 0.780096 0.943081 0.000000
200 0.780467 0.943581 0.000000
200s 0.780467 0.943581 0.000000
200s 0.780519 0.943815 0.000000
200s 0.780523 0.944057 0.000000
200s 0.780485 0.944303 0.000000
200s 0.780411 0.944549 0.000000
200s 0.780309 0.944790 0.000000
200s 0.780184 0.945021 0.000000
200s 0.780044 0.945238 0.000000
200s 0.779894 0.945435 0.000000
200s 0.779741 0.945610 0.000000
300 0.779592 0.945756 0.000000
300s 0.779592 0.945756 0.000000
300s 0.779454 0.945850 0.000000
300s 0.779293 0.945915 0.000000
300s 0.779115 0.945955 0.000000
300s 0.778927 0.945981 0.000000
300s 0.778735 0.945998 0.000000
300s 0.778543 0.946015 0.000000
300s 0.778359 0.946040 0.000000
300s 0.778188 0.946079 0.000000
300s 0.778037 0.946141 0.000000
400 0.777910 0.946233 0.000000
400s 0.777910 0.946233 0.000000
400s 0.777811 0.946369 0.000000
400s 0.777743 0.946542 0.000000
400s 0.777697 0.946741 0.000000
400s 0.777667 0.946956 0.000000
400s 0.777643 0.947179 0.000000
400s 0.777618 0.947398 0.000000
400s 0.777585 0.947605 0.000000
400s 0.777534 0.947789 0.000000
400s 0.777458 0.947941 0.000000
500 0.777350 0.948050 0.000000
500s 0.777350 0.948050 0.000000
500s 0.777190 0.948115 0.000000
500s 0.776991 0.948133 0.000000
500s 0.776763 0.948114 0.000000
500s 0.776516 0.948069 0.000000
500s 0.776258 0.948008 0.000000
500s 0.775998 0.947942 0.000000
500s 0.775747 0.947881 0.000000
500s 0.775514 0.947835 0.000000
500s 0.775307 0.947815 0.000000
600 0.775136 0.947832 0.000000
600s 0.775136 0.947832 0.000000
600s 0.775055 0.947861 0.000000
600s 0.774984 0.947902 0.000000
600s 0.774922 0.947952 0.000000
600s 0.774866 0.948007 0.000000
600s 0.774813 0.948063 0.000000
600s 0.774761 0.948119 0.000000
600s 0.774706 0.948169 0.000000
600s 0.774648 0.948212 0.000000
600s 0.774582 0.948243 0.000000
600s 0.774507 0.948260 0.000000
700 0.774507 0.948260 0.000000
700s 0.774507 0.948260 0.000000
700s 0.774360 0.948254 0.000000
700s 0.774176 0.948212 0.000000
700s 0.773966 0.948144 0.000000
700s 0.773744 0.948057 0.000000
700s 0.773521 0.947959 0.000000
700s 0.773312 0.947859 0.000000
700s 0.773128 0.947764 0.000000
700s 0.772982 0.947682 0.000000
700s 0.772887 0.947622 0.000000
800 0.772855 0.947591 0.000000
800s 0.772855 0.947591 0.000000
800s 0.772889 0.947584 0.000000
800s 0.772977 0.947586 0.000000
800s 0.773104 0.947595 0.000000
800s 0.773259 0.947612 0.000000
800s 0.773427 0.947636 0.000000
800s 0.773596 0.947666 0.000000
800s 0.773753 0.947701 0.000000
800s 0.773884 0.947740 0.000000
800s 0.773977 0.947784 0.000000
900 0.774018 0.947831 0.000000
900s 0.774018 0.947831 0.000000
900s 0.774014 0.947888 0.000000
900s 0.773982 0.947956 0.000000
900s 0.773923 0.948033 0.000000
900s 0.773842 0.948117 0.000000
900s 0.773741 0.948203 0.000000
900s 0.773622 0.948290 0.000000
900s 0.773490 0.948375 0.000000
900s 0.773345 0.948454 0.000000
900s 0.773193 0.948525 0.000000
900s 0.773034 0.948585 0.000000
1000 0.773034 0.948585 0.000000
1000s 0.773034 0.948585 0.000000
1000s 0.772528 0.948703 0.000000
1000s 0.771865 0.948782 0.000000
1000s 0.771076 0.948826 0.000000
1000s 0.770193 0.948839 0.000000
1000s 0.769247 0.948826 0.000000
1000s 0.768270 0.948790 0.000000
1000s 0.767295 0.948735 0.000000
1000s 0.766352 0.948665 0.000000
1000s 0.765473 0.948585 0.000000
1000s 0.764690 0.948498 0.000000
2000 0.764690 0.948498 0.000000
2000s 0.764690 0.948498 0.000000
2000s 0.764125 0.948408 0.000000
2000s 0.763571 0.948283 0.000000
2000s 0.763028 0.948134 0.000000
2000s 0.762499 0.947971 0.000000
2000s 0.761984 0.947806 0.000000
2000s 0.761485 0.947648 0.000000
2000s 0.761003 0.947509 0.000000
2000s 0.760541 0.947399 0.000000
2000s 0.760098 0.947328 0.000000
3000 0.759678 0.947308 0.000000
3000s 0.759678 0.947308 0.000000
3000s 0.759404 0.947325 0.000000
3000s 0.759147 0.947364 0.000000
3000s 0.758903 0.947421 0.000000
3000s 0.758670 0.947491 0.000000
3000s 0.758443 0.947571 0.000000
3000s 0.758220 0.947657 0.000000
3000s 0.757995 0.947745 0.000000
3000s 0.757766 0.947830 0.000000
3000s 0.757529 0.947910 0.000000
3000s 0.757281 0.947980 0.000000
4000 0.757281 0.947980 0.000000
4000s 0.757281 0.947980 0.000000
4000s 0.756988 0.948053 0.000000
4000s 0.756684 0.948126 0.000000
4000s 0.756373 0.948200 0.000000
4000s 0.756056 0.948273 0.000000
4000s 0.755738 0.948345 0.000000
4000s 0.755420 0.948415 0.000000
4000s 0.755107 0.948482 0.000000
4000s 0.754800 0.948545 0.000000
4000s 0.754503 0.948603 0.000000
5000 0.754218 0.948656 0.000000
5000s 0.754218 0.948656 0.000000
5000s 0.753998 0.948697 0.000000
5000s 0.753788 0.948736 0.000000
5000s 0.753585 0.948774 0.000000
5000s 0.753387 0.948809 0.000000
5000s 0.753192 0.948842 0.000000
5000s 0.752995 0.948872 0.000000
5000s 0.752796 0.948898 0.000000
5000s 0.752590 0.948921 0.000000
5000s 0.752375 0.948939 0.000000
6000 0.752148 0.948952 0.000000
6000s 0.752148 0.948952 0.000000
6000s 0.751811 0.948963 0.000000
6000s 0.751414 0.948969 0.000000
6000s 0.750977 0.948968 0.000000
6000s 0.750525 0.948961 0.000000
6000s 0.750078 0.948948 0.000000
6000s 0.749661 0.948929 0.000000
6000s 0.749295 0.948903 0.000000
6000s 0.749003 0.948870 0.000000
6000s 0.748806 0.948831 0.000000
7000 0.748729 0.948785 0.000000
7000s 0.748729 0.948785 0.000000
7000s 0.748740 0.948763 0.000000
7000s 0.748778 0.948737 0.000000
7000s 0.748836 0.948710 0.000000
7000s 0.748907 0.948681 0.000000
7000s 0.748985 0.948651 0.000000
7000s 0.749062 0.948622 0.000000
7000s 0.749133 0.948594 0.000000
7000s 0.749191 0.948568 0.000000
7000s 0.749229 0.948545 0.000000
7000s 0.749240 0.948526 0.000000
8000 0.749240 0.948526 0.000000
8000s 0.749240 0.948526 0.000000
8000s 0.749156 0.948491 0.000000
8000s 0.748943 0.948468 0.000000
8000s 0.748627 0.948457 0.000000
8000s 0.748232 0.948458 0.000000
8000s 0.747785 0.948469 0.000000
8000s 0.747311 0.948492 0.000000
8000s 0.746835 0.948525 0.000000
8000s 0.746383 0.948568 0.000000
8000s 0.745981 0.948620 0.000000
9000 0.745653 0.948681 0.000000
9000s 0.745653 0.948681 0.000000
9000s 0.745470 0.948734 0.000000
9000s 0.745307 0.948799 0.000000
9000s 0.745161 0.948874 0.000000
9000s 0.745023 0.948954 0.000000
9000s 0.744889 0.949037 0.000000
9000s 0.744752 0.949120 0.000000
9000s 0.744608 0.949198 0.000000
9000s 0.744449 0.949270 0.000000
9000s 0.744271 0.949332 0.000000
10000 0.744066 0.949380 0.000000
10000s 0.744066 0.949380 0.000000
10000s 0.743598 0.949432 0.000000
10000s 0.743059 0.949440 0.000000
10000s 0.742458 0.949413 0.000000
10000s 0.741807 0.949360 0.000000
10000s 0.741118 0.949291 0.000000
10000s 0.740401 0.949215 0.000000
10000s 0.739668 0.949142 0.000000
10000s 0.738930 0.949082 0.000000
10000s 0.738198 0.949045 0.000000
20000 0.737483 0.949039 0.000000
20000s 0.737483 0.949039 0.000000
20000s 0.736614 0.949058 0.000000
20000s 0.735645 0.949085 0.000000
20000s 0.734614 0.949123 0.000000
20000s 0.733558 0.949172 0.000000
20000s 0.732517 0.949235 0.000000
20000s 0.731526 0.949314 0.000000
20000s 0.730626 0.949409 0.000000
20000s 0.729854 0.949525 0.000000
20000s 0.729248 0.949661 0.000000
30000 0.728846 0.949820 0.000000
30000s 0.728846 0.949820 0.000000
30000s 0.728778 0.949869 0.000000
30000s 0.728728 0.949922 0.000000
30000s 0.728691 0.949979 0.000000
30000s 0.728664 0.950037 0.000000
30000s 0.728643 0.950096 0.000000
30000s 0.728624 0.950154 0.000000
30000s 0.728604 0.950211 0.000000
30000s 0.728577 0.950263 0.000000
30000s 0.728541 0.950311 0.000000
30000s 0.728491 0.950354 0.000000
40000 0.728491 0.950354 0.000000
40000s 0.728491 0.950354 0.000000
40000s 0.728402 0.950403 0.000000
40000s 0.728300 0.950441 0.000000
40000s 0.728188 0.950469 0.000000
40000s 0.728067 0.950491 0.000000
40000s 0.727936 0.950508 0.000000
40000s 0.727799 0.950523 0.000000
40000s 0.727655 0.950539 0.000000
40000s 0.727506 0.950557 0.000000
40000s 0.727352 0.950581 0.000000
40000s 0.727196 0.950612 0.000000
50000 0.727196 0.950612 0.000000
50000s 0.727196 0.950612 0.000000
50000s 0.726913 0.950684 0.000000
50000s 0.726571 0.950785 0.000000
50000s 0.726190 0.950903 0.000000
50000s 0.725789 0.951030 0.000000
50000s 0.725387 0.951155 0.000000
50000s 0.725003 0.951267 0.000000
50000s 0.724655 0.951359 0.000000
50000s 0.724362 0.951419 0.000000
50000s 0.724144 0.951437 0.000000
60000 0.724020 0.951404 0.000000
60000s 0.724020 0.951404 0.000000
60000s 0.724004 0.951379 0.000000
60000s 0.724000 0.951345 0.000000
60000s 0.724006 0.951305 0.000000
60000s 0.724019 0.951262 0.000000
60000s 0.724035 0.951216 0.000000
60000s 0.724051 0.951172 0.000000
60000s 0.724064 0.951129 0.000000
60000s 0.724072 0.951092 0.000000
60000s 0.724070 0.951062 0.000000
70000 0.724056 0.951042 0.000000
70000s 0.724056 0.951042 0.000000
70000s 0.723957 0.951035 0.000000
70000s 0.723779 0.951080 0.000000
70000s 0.723543 0.951167 0.000000
70000s 0.723270 0.951282 0.000000
70000s 0.722982 0.951416 0.000000
70000s 0.722699 0.951555 0.000000
70000s 0.722444 0.951688 0.000000
70000s 0.722237 0.951804 0.000000
70000s 0.722100 0.951890 0.000000
80000 0.722054 0.951935 0.000000
80000s 0.722054 0.951935 0.000000
80000s 0.722098 0.951943 0.000000
80000s 0.722206 0.951933 0.000000
80000s 0.722364 0.951910 0.000000
80000s 0.722554 0.951876 0.000000
80000s 0.722760 0.951837 0.000000
80000s 0.722965 0.951794 0.000000
80000s 0.723153 0.951751 0.000000
80000s 0.723307 0.951713 0.000000
80000s 0.723411 0.951682 0.000000
80000s 0.723448 0.951663 0.000000
90000 0.723448 0.951663 0.000000
90000s 0.723448 0.951663 0.000000
90000s 0.723355 0.951640 0.000000
90000s 0.723102 0.951619 0.000000
90000s 0.722721 0.951603 0.000000
90000s 0.722241 0.951595 0.000000
90000s 0.721694 0.951598 0.000000
90000s 0.721111 0.951614 0.000000
90000s 0.720523 0.951648 0.000000
90000s 0.719961 0.951701 0.000000
90000s 0.719455 0.951776 0.000000
100000 0.719037 0.951877 0.000000
100000s 0.719037 0.951877 0.000000
100000s 0.718755 0.951982 0.000000
100000s 0.718494 0.952109 0.000000
100000s 0.718249 0.952254 0.000000
100000s 0.718016 0.952413 0.000000
100000s 0.717790 0.952581 0.000000
100000s 0.717566 0.952754 0.000000
100000s 0.717339 0.952928 0.000000
100000s 0.717105 0.953098 0.000000
100000s 0.716859 0.953260 0.000000
200000 0.716597 0.953411 0.000000
200000s 0.716597 0.953411 0.000000
200000s 0.716281 0.953573 0.000000
200000s 0.715957 0.953733 0.000000
200000s 0.715627 0.953890 0.000000
200000s 0.715290 0.954044 0.000000
200000s 0.714945 0.954195 0.000000
200000s 0.714591 0.954344 0.000000
200000s 0.714230 0.954489 0.000000
200000s 0.713859 0.954632 0.000000
200000s 0.713480 0.954771 0.000000
300000 0.713091 0.954908 0.000000
300000s 0.713091 0.954908 0.000000
300000s 0.712606 0.955068 0.000000
300000s 0.712104 0.955222 0.000000
300000s 0.711587 0.955370 0.000000
300000s 0.711057 0.955513 0.000000
300000s 0.710515 0.955653 0.000000
300000s 0.709964 0.955791 0.000000
300000s 0.709406 0.955926 0.000000
300000s 0.708842 0.956060 0.000000
300000s 0.708275 0.956194 0.000000
400000 0.707706 0.956329 0.000000
400000s 0.707706 0.956329 0.000000
400000s 0.707072 0.956481 0.000000
400000s 0.706430 0.956635 0.000000
400000s 0.705780 0.956790 0.000000
400000s 0.705122 0.956944 0.000000
400000s 0.704456 0.957096 0.000000
400000s 0.703785 0.957242 0.000000
400000s 0.703107 0.957382 0.000000
400000s 0.702424 0.957514 0.000000
400000s 0.701736 0.957635 0.000000
500000 0.701044 0.957744 0.000000
500000s 0.701044 0.957744 0.000000
500000s 0.700292 0.957842 0.000000
500000s 0.699522 0.957921 0.000000
500000s 0.698738 0.957984 0.000000
500000s 0.697946 0.958037 0.000000
500000s 0.697151 0.958084 0.000000
500000s 0.696358 0.958130 0.000000
500000s 0.695573 0.958179 0.000000
500000s 0.694801 0.958236 0.000000
500000s 0.694047 0.958305 0.000000
500000s 0.693317 0.958392 0.000000
600000 0.693317 0.958392 0.000000
600000s 0.693317 0.958392 0.000000
600000s 0.692695 0.958482 0.000000
600000s 0.692086 0.958584 0.000000
600000s 0.691487 0.958694 0.000000
600000s 0.690897 0.958810 0.000000
600000s 0.690314 0.958929 0.000000
600000s 0.689738 0.959048 0.000000
600000s 0.689166 0.959165 0.000000
600000s 0.688597 0.959278 0.000000
600000s 0.688029 0.959383 0.000000
600000s 0.687460 0.959478 0.000000
700000 0.687460 0.959478 0.000000
700000s 0.687460 0.959478 0.000000
700000s 0.686931 0.959557 0.000000
700000s 0.686409 0.959628 0.000000
700000s 0.685892 0.959693 0.000000
700000s 0.685379 0.959754 0.000000
700000s 0.684867 0.959813 0.000000
700000s 0.684355 0.959872 0.000000
700000s 0.683841 0.959932 0.000000
700000s 0.683323 0.959997 0.000000
700000s 0.682800 0.960068 0.000000
800000 0.682268 0.960147 0.000000
800000s 0.682268 0.960147 0.000000
800000s 0.681685 0.960244 0.000000
800000s 0.681090 0.960354 0.000000
800000s 0.680488 0.960472 0.000000
800000s 0.679880 0.960596 0.000000
800000s 0.679271 0.960721 0.000000
800000s 0.678663 0.960844 0.000000
800000s 0.678059 0.960961 0.000000
800000s 0.677463 0.961069 0.000000
800000s 0.676877 0.961164 0.000000
900000 0.676304 0.961242 0.000000
900000s 0.676304 0.961242 0.000000
900000s 0.675813 0.961295 0.000000
900000s 0.675339 0.961331 0.000000
900000s 0.674877 0.961357 0.000000
900000s 0.674422 0.961374 0.000000
900000s 0.673969 0.961388 0.000000
900000s 0.673511 0.961402 0.000000
900000s 0.673044 0.961420 0.000000
900000s 0.672563 0.961445 0.000000
900000s 0.672061 0.961483 0.000000
1000000 0.671534 0.961536 0.000000
1000000s 0.671534 0.961536 0.000000
1000000s 0.670733 0.961628 0.000000
1000000s 0.669802 0.961738 0.000000
1000000s 0.668786 0.961862 0.000000
1000000s 0.667733 0.961999 0.000000
1000000s 0.666687 0.962146 0.000000
1000000s 0.665695 0.962300 0.000000
1000000s 0.664803 0.962461 0.000000
1000000s 0.664056 0.962624 0.000000
1000000s 0.663500 0.962788 0.000000
2000000 0.663181 0.962951 0.000000
2000000s 0.663181 0.962951 0.000000
2000000s 0.663150 0.962986 0.000000
2000000s 0.663130 0.963025 0.000000
2000000s 0.663119 0.963065 0.000000
2000000s 0.663114 0.963107 0.000000
2000000s 0.663114 0.963148 0.000000
2000000s 0.663114 0.963186 0.000000
2000000s 0.663113 0.963221 0.000000
2000000s 0.663107 0.963250 0.000000
2000000s 0.663096 0.963273 0.000000
2000000s 0.663075 0.963288 0.000000
3000000 0.663075 0.963288 0.000000
3000000s 0.663075 0.963288 0.000000
3000000s 0.663014 0.963293 0.000000
3000000s 0.662924 0.963275 0.000000
3000000s 0.662814 0.963237 0.000000
3000000s 0.662692 0.963184 0.000000
3000000s 0.662567 0.963122 0.000000
3000000s 0.662446 0.963052 0.000000
3000000s 0.662340 0.962981 0.000000
3000000s 0.662255 0.962913 0.000000
3000000s 0.662199 0.962851 0.000000
4000000 0.662183 0.962800 0.000000
4000000s 0.662183 0.962800 0.000000
4000000s 0.662244 0.962729 0.000000
4000000s 0.662397 0.962648 0.000000
4000000s 0.662619 0.962562 0.000000
4000000s 0.662889 0.962475 0.000000
4000000s 0.663183 0.962395 0.000000
4000000s 0.663481 0.962325 0.000000
4000000s 0.663759 0.962272 0.000000
4000000s 0.663995 0.962242 0.000000
4000000s 0.664168 0.962238 0.000000
5000000 0.664255 0.962268 0.000000
5000000s 0.664255 0.962268 0.000000
5000000s 0.664267 0.962302 0.000000
5000000s 0.664263 0.962350 0.000000
5000000s 0.664245 0.962409 0.000000
5000000s 0.664216 0.962475 0.000000
5000000s 0.664177 0.962545 0.000000
5000000s 0.664131 0.962617 0.000000
5000000s 0.664080 0.962687 0.000000
5000000s 0.664026 0.962753 0.000000
5000000s 0.663971 0.962811 0.000000
6000000 0.663918 0.962859 0.000000
6000000s 0.663918 0.962859 0.000000
6000000s 0.663850 0.962905 0.000000
6000000s 0.663764 0.962949 0.000000
6000000s 0.663666 0.962991 0.000000
6000000s 0.663561 0.963028 0.000000
6000000s 0.663456 0.963061 0.000000
6000000s 0.663356 0.963087 0.000000
6000000s 0.663266 0.963106 0.000000
6000000s 0.663193 0.963116 0.000000
6000000s 0.663141 0.963117 0.000000
7000000 0.663116 0.963106 0.000000
7000000s 0.663116 0.963106 0.000000
7000000s 0.663137 0.963062 0.000000
7000000s 0.663215 0.962982 0.000000
7000000s 0.663335 0.962874 0.000000
7000000s 0.663484 0.962748 0.000000
7000000s 0.663649 0.962615 0.000000
7000000s 0.663814 0.962485 0.000000
7000000s 0.663967 0.962366 0.000000
7000000s 0.664094 0.962269 0.000000
7000000s 0.664180 0.962204 0.000000
8000000 0.664212 0.962181 0.000000
8000000s 0.664212 0.962181 0.000000
8000000s 0.664195 0.962199 0.000000
8000000s 0.664148 0.962248 0.000000
8000000s 0.664076 0.962320 0.000000
8000000s 0.663986 0.962408 0.000000
8000000s 0.663883 0.962506 0.000000
8000000s 0.663774 0.962606 0.000000
8000000s 0.663664 0.962701 0.000000
8000000s 0.663559 0.962785 0.000000
8000000s 0.663467 0.962850 0.000000
8000000s 0.663391 0.962888 0.000000
9000000 0.663391 0.962888 0.000000
9000000s 0.663391 0.962888 0.000000
9000000s 0.663358 0.962898 0.000000
9000000s 0.663327 0.962903 0.000000
9000000s 0.663298 0.962905 0.000000
9000000s 0.663269 0.962904 0.000000
9000000s 0.663241 0.962901 0.000000
9000000s 0.663213 0.962897 0.000000
9000000s 0.663186 0.962892 0.000000
9000000s 0.663158 0.962888 0.000000
9000000s 0.663130 0.962884 0.000000
9000000s 0.663102 0.962883 0.000000
10000000 0.663102 0.962883 0.000000
