1 1 0.524452 0.845339305237
2 2 0.571127 0.866091351192
3 3 0.599297 0.876660169069
4 4 0.62006 0.88238964664
5 5 0.63635 0.888359951696
6 6 0.647565 0.892431742806
7 7 0.657992 0.896429519669
8 8 0.667003 0.898901707141
9 9 0.675342 0.90116508836
10 10 0.681525 0.903903341962
20 20 0.719459 0.916677268618
30 30 0.735862 0.922593078039
40 40 0.747056 0.927565263022
50 50 0.752014 0.930751312519
60 60 0.759838 0.932027487915
70 70 0.762519 0.933987988083
80 80 0.767247 0.935191402743
90 90 0.771469 0.936396210841
100 100 0.77128 0.93826088517
200 200 0.780467 0.943580763602
300 300 0.779592 0.945755714949
400 400 0.77791 0.946233342509
500 500 0.77735 0.948050243405
600 600 0.775136 0.947831897552
700 700 0.774507 0.948260396801
800 800 0.772855 0.947590746413
900 900 0.774018 0.947831341414
1000 1000 0.773034 0.948584816177
2000 2000 0.76469 0.948498357055
3000 3000 0.759678 0.94730759535
4000 4000 0.757281 0.947980375658
5000 5000 0.754218 0.948656473441
6000 6000 0.752148 0.948952384939
7000 7000 0.748729 0.948784805016
8000 8000 0.74924 0.948526262489
9000 9000 0.745653 0.948681273551
10000 10000 0.744066 0.949379534488
20000 20000 0.737483 0.949039205753
30000 30000 0.728846 0.949819728248
40000 40000 0.728491 0.950353724927
50000 50000 0.727196 0.950611582042
60000 60000 0.72402 0.951404268203
70000 70000 0.724056 0.951041811234
80000 80000 0.722054 0.951935452164
90000 90000 0.723448 0.951662705735
100000 100000 0.719037 0.951876888554
200000 200000 0.716597 0.953410484273
300000 300000 0.713091 0.954907985893
400000 400000 0.707706 0.956328949959
500000 500000 0.701044 0.95774435018
600000 600000 0.693317 0.958391628162
700000 700000 0.68746 0.959478334653
800000 800000 0.682268 0.960146925221
900000 900000 0.676304 0.961242281087
1000000 1000000 0.671534 0.961536178268
2000000 2000000 0.663181 0.962950706704
3000000 3000000 0.663075 0.963288457006
4000000 4000000 0.662183 0.962800219871
5000000 5000000 0.664255 0.962267816711
6000000 6000000 0.663918 0.962858766478
7000000 7000000 0.663116 0.963105889267
8000000 8000000 0.664212 0.962180846613
9000000 9000000 0.663391 0.962888310269
10000000 10000000 0.663102 0.962882745708
